
하노이의 탑에 N 개의 원반이 놓여져 있다. 이 때 하노이의 탑을 옮겨서 다시 쌓는데 걸리는 최소 횟수를 출력하고,
몇번째 원반을 움직여야 되는지 출력하여라.

편의를 위해 수는 10개마다 한줄씩 띄운다.

[입/출력 예시]
<input> / <output>
3

--> 1 2 1 3 1 2 1 

<input> / <output>
5

--> 
1 2 1 3 1 2 1 4 1 2 
1 3 1 2 1 5 1 2 1 3 
1 2 1 4 1 2 1 3 1 2 
1 

<input> / <output>
8

--> 
1 2 1 3 1 2 1 4 1 2 
1 3 1 2 1 5 1 2 1 3 
1 2 1 4 1 2 1 3 1 2 
1 6 1 2 1 3 1 2 1 4 
1 2 1 3 1 2 1 5 1 2 
1 3 1 2 1 4 1 2 1 3 
1 2 1 7 1 2 1 3 1 2 
1 4 1 2 1 3 1 2 1 5 
1 2 1 3 1 2 1 4 1 2 
1 3 1 2 1 6 1 2 1 3 
1 2 1 4 1 2 1 3 1 2 
1 5 1 2 1 3 1 2 1 4 
1 2 1 3 1 2 1 8 1 2 
1 3 1 2 1 4 1 2 1 3 
1 2 1 5 1 2 1 3 1 2 
1 4 1 2 1 3 1 2 1 6 
1 2 1 3 1 2 1 4 1 2 
1 3 1 2 1 5 1 2 1 3 
1 2 1 4 1 2 1 3 1 2 
1 7 1 2 1 3 1 2 1 4 
1 2 1 3 1 2 1 5 1 2 
1 3 1 2 1 4 1 2 1 3 
1 2 1 6 1 2 1 3 1 2 
1 4 1 2 1 3 1 2 1 5 
1 2 1 3 1 2 1 4 1 2 
1 3 1 2 1 